{p1: [[-0.031110299878448443, 3.816047206315844, 0.7254602970845665]], 
p2: [[1.518278052281523, 5.7926487175583885, 0.8974712423126022]], 
    p4: [[6.053621446804119, 5.808927179922966,1.5555278955921217]], 
    p44: [[7.177488759130402, 5.770278571978001, 2.0884861316474135]],
  pp: [[2.4814483599406056, 5.834726955214457, 0.8991067918642116]], 
  ppp: [[5.062162359603865,5.805884683527865, 1.1928814147710183]]}
